54.0
54.0
32.666666666666664
66.0
65.33333333333333
67.33333333333333
46.333333333333336
59.333333333333336
83.0
44.666666666666664
42.666666666666664
69.33333333333333
73.0
75.33333333333333
81.66666666666667
40.333333333333336
61.333333333333336
82.33333333333333
67.33333333333333
47.0
68.0
38.333333333333336
87.0
87.0
74.66666666666667
70.0
63.0
82.0
44.333333333333336
54.0
79.33333333333333
65.33333333333333
73.66666666666667
73.33333333333333
76.0
64.33333333333333
58.666666666666664
66.33333333333333
67.66666666666667
39.666666666666664
62.333333333333336
67.0
74.66666666666667
83.0
44.0
69.0
45.0
69.33333333333333
61.0
39.666666666666664
63.666666666666664
62.0
58.0
63.333333333333336
58.0
43.666666666666664
79.66666666666667
60.0
44.0
76.0
57.0
66.66666666666667
76.0
74.0
60.666666666666664
40.0
77.0
58.333333333333336
42.333333333333336
59.333333333333336
41.333333333333336
44.666666666666664
44.0
56.333333333333336
88.33333333333333
45.333333333333336
57.0
73.0
81.66666666666667
39.333333333333336
73.0
39.666666666666664
80.33333333333333
43.0
75.33333333333333
55.333333333333336
59.333333333333336
28.0
51.0
74.66666666666667
79.0
43.333333333333336
67.66666666666667
67.33333333333333
69.66666666666667
56.666666666666664
52.666666666666664
50.666666666666664
83.33333333333333
81.66666666666667
30.333333333333332
71.66666666666667
47.333333333333336
47.0
64.66666666666667
66.0
74.0
71.0
78.33333333333333
81.66666666666667
56.666666666666664
72.66666666666667
75.66666666666667
84.0
75.33333333333333
66.33333333333333
63.666666666666664
60.333333333333336
82.0
64.0
33.0
63.333333333333336
72.66666666666667
54.666666666666664
87.0
79.66666666666667
68.0
50.666666666666664
53.0
76.0
56.666666666666664
55.666666666666664
84.0
58.333333333333336
35.666666666666664
67.66666666666667
47.333333333333336
69.33333333333333
47.0
52.666666666666664
54.333333333333336
55.333333333333336
72.33333333333333
57.333333333333336
56.0
43.666666666666664
67.33333333333333
61.136054421768705 62.142857142857146 63.136054421768705